Lang-1	4.0	4.0	6.333333333333333	18.0	4.0	4.0	4.0	
Lang-2	16.0	16.0	20.0	6.0	12.0	19.0	12.0	
Lang-3	99.75	99.5	106.75	76.75	205.25	114.5	114.5	
Lang-5	22.5	22.5	26.0	27.5	25.0	22.5	22.5	
Lang-6	121.0	121.0	123.0	31.0	120.0	97.0	97.0	
Lang-7	453.0	182.4	225.8	117.2	194.8	463.8	449.4	
Lang-9	73.0	73.0	84.0	587.0	199.0	62.0	61.0	
Lang-10	119.16666666666667	121.16666666666667	144.66666666666666	87.33333333333333	65.66666666666667	118.83333333333333	65.66666666666667	
Lang-12	10.0	10.0	17.25	13.5	10.5	10.0	10.0	
Lang-14	4.0	4.0	5.0	4.0	4.0	4.0	4.0	
Lang-15	327.0	328.5	377.5	179.75	343.5	327.0	327.0	
Lang-16	4.0	4.0	7.0	34.0	4.0	4.0	4.0	
Lang-17	148.0	148.0	151.71428571428572	180.85714285714286	38.0	48.42857142857143	141.42857142857142	
Lang-18	70.25	70.25	85.75	109.5	82.25	121.25	78.75	
Lang-19	19.0	14.5	14.5	16.5	22.5	25.25	25.0	
Lang-20	16.0	16.0	17.0	16.0	41.0	35.0	35.0	
Lang-22	14.0	14.0	93.0	1.0	14.0	14.0	14.0	
Lang-26	21.0	21.0	26.0	5.0	278.0	136.0	5.0	
Lang-27	6.0	6.0	124.5	51.0	6.0	6.0	6.0	
Lang-28	3.5	3.5	3.5	12.5	10.5	3.5	3.5	
Lang-30	49.11764705882353	35.470588235294116	38.411764705882355	64.88235294117646	181.23529411764707	49.11764705882353	55.8235294117647	
Lang-31	6.333333333333333	6.333333333333333	7.333333333333333	28.333333333333332	6.333333333333333	6.333333333333333	6.333333333333333	
Lang-34	54.0	62.0	146.0	37.0	6.0	285.0	6.0	
Lang-36	96.33333333333333	96.33333333333333	85.33333333333333	176.0	309.0	108.33333333333333	108.33333333333333	
Lang-37	6.5	6.5	8.5	6.5	6.5	6.5	6.5	
Lang-39	24.0	24.0	29.0	24.0	36.0	24.0	24.0	
Lang-40	4.0	4.0	4.0	4.0	16.0	4.0	4.0	
Lang-41	31.0	17.8	18.6	34.2	64.6	43.8	43.8	
Lang-42	17.0	17.0	28.5	29.5	54.0	15.0	54.0	
Lang-44	3.0	3.0	5.0	3.0	3.0	3.0	3.0	
Lang-46	18.22222222222222	12.333333333333334	14.0	24.22222222222222	53.111111111111114	19.555555555555557	23.0	
Lang-47	7.0	7.5	12.0	19.0	355.0	40.0	40.0	
Lang-48	24.0	50.333333333333336	87.33333333333333	21.333333333333332	18.0	25.666666666666668	21.666666666666668	
Lang-50	41.0	24.8	15.4	91.8	184.4	133.6	142.2	
Lang-53	41.25	49.75	51.25	40.25	45.75	43.25	43.25	
Lang-54	4.0	4.0	6.0	10.0	4.0	4.0	4.0	
Lang-55	7.5	11.5	12.5	7.5	7.5	27.5	7.5	
Lang-59	6.0	6.0	6.0	9.0	19.0	6.0	6.0	
Lang-60	41.0	28.5	22.0	42.0	320.5	64.0	68.0	
Lang-61	8.0	8.0	42.0	21.0	8.0	8.0	8.0	
Lang-62	105.75	97.75	82.75	132.5	263.75	163.25	173.5	
Lang-63	47.473684210526315	46.94736842105263	41.31578947368421	60.421052631578945	91.84210526315789	60.473684210526315	61.473684210526315	
Lang-64	594.5	70.0	70.0	70.5	70.0	594.5	551.0	
Lang-65	45.25	45.0	51.0	52.75	73.25	46.75	44.25	
Chart-1	923.0	707.0	993.0	986.0	985.0	929.0	985.0	
Chart-2	176.5	170.5	178.1	160.2	332.6	191.9	345.0	
Chart-3	4.0	4.0	12.0	15.0	4.0	4.0	4.0	
Chart-4	4972.666666666667	5735.0	6726.0	6107.333333333333	6060.0	5081.333333333333	4360.333333333333	
Chart-5	71.0	85.33333333333333	86.0	77.0	85.33333333333333	71.0	44.666666666666664	
Chart-6	30.0	31.0	58.0	16.0	21.0	36.0	16.0	
Chart-7	50.5	52.5	75.5	47.5	47.5	76.5	47.5	
Chart-8	1.0	1.0	1.0	2.0	1.0	1.0	1.0	
Chart-9	109.0	18.0	36.0	238.0	193.0	152.0	193.0	
Chart-11	5.0	5.0	15.0	9.0	5.0	5.0	5.0	
Chart-12	717.0	141.0	5.0	964.0	765.0	599.0	766.0	
Chart-15	35.666666666666664	35.666666666666664	45.666666666666664	1150.0	1228.0	571.0	743.6666666666666	
Chart-16	17.666666666666668	16.0	4.666666666666667	27.666666666666668	38.333333333333336	35.666666666666664	17.666666666666668	
Chart-17	3.0	3.0	9.0	119.0	91.0	3.0	91.0	
Chart-20	65.0	70.0	74.0	37.0	73.0	83.0	73.0	
Chart-21	61.75	61.75	66.75	38.25	100.5	48.25	33.25	
Chart-22	68.6	56.8	27.2	73.6	106.8	73.4	73.0	
Chart-25	3234.6	3150.1	3022.1	3234.6	3234.6	3150.1	3234.6	
Chart-26	1492.5	1414.0	1453.0	2589.5	2404.0	2129.0	2404.0	
Math-1	54.5	49.5	14.5	614.5	758.5	459.5	515.5	
Math-2	136.0	136.0	148.0	9.0	178.0	103.0	38.0	
Math-6	1762.235294117647	1784.0588235294117	1639.6470588235295	1800.0588235294117	1835.8823529411766	1784.235294117647	2107.0	
Math-7	710.3333333333334	404.44444444444446	340.6666666666667	688.8888888888889	626.7777777777778	793.2222222222222	907.8888888888889	
Math-11	3.0	3.0	8.0	49.0	3.0	3.0	3.0	
Math-13	665.0	673.0	849.5	933.5	473.0	212.0	464.5	
Math-14	663.1666666666666	663.6666666666666	727.1666666666666	1353.5	1359.8333333333333	204.83333333333334	617.5	
Math-15	1086.0	1500.5	2098.0	982.5	1577.0	1038.5	1018.5	
Math-16	1388.4444444444443	1643.111111111111	1744.0	1479.0	1636.0	1456.111111111111	1452.888888888889	
Math-17	94.0	94.0	117.0	3.0	923.0	609.0	19.0	
Math-21	52.36363636363637	52.36363636363637	57.36363636363637	100.36363636363636	52.36363636363637	52.36363636363637	52.36363636363637	
Math-23	550.0	222.83333333333334	226.16666666666666	202.33333333333334	241.16666666666666	554.1666666666666	550.8333333333334	
Math-24	317.5	345.5	285.5	234.0	277.5	371.5	315.5	
Math-26	45.0	46.5	53.5	18.5	196.0	87.5	24.5	
Math-27	2.0	2.0	3.0	27.0	183.0	65.0	65.0	
Math-28	40.2	43.0	53.2	37.6	37.4	148.0	37.4	
Math-29	217.0	169.6	54.0	224.2	2213.0	231.8	232.4	
Math-30	28.0	28.0	28.0	25.0	2469.0	266.0	28.0	
Math-31	653.8965517241379	545.8620689655172	647.8620689655172	554.8275862068965	542.551724137931	689.7241379310345	1388.3103448275863	
Math-33	271.0	272.0	46.0	87.0	266.0	365.0	266.0	
Math-34	19.0	9.0	9.0	37.0	147.0	34.0	38.0	
Math-36	179.5	179.5	20.5	2.5	479.5	356.5	356.5	
Math-37	775.0	521.2	314.4	591.8	582.6	776.6	765.4	
Math-40	1029.0	358.5	357.5	240.5	383.0	1046.0	1028.0	
Math-41	34.0	34.0	36.0	68.0	48.0	34.0	34.0	
Math-42	71.5	71.5	71.5	71.5	339.5	326.5	71.5	
Math-43	41.0	48.0	336.0	37.0	37.0	237.0	37.0	
Math-44	559.6666666666666	545.0	404.0	685.6666666666666	734.6666666666666	564.0	645.3333333333334	
Math-45	2.0	2.0	115.0	6.0	2.0	2.0	2.0	
Math-46	3.0	2.0	1.5	339.0	431.0	11.0	12.0	
Math-47	522.8	173.6	188.4	780.6	398.8	522.2	515.6	
Math-48	796.0	796.0	744.0	759.0	895.0	812.0	796.0	
Math-49	1606.0	1547.0	1528.5	1913.25	1724.75	1622.25	1642.5	
Math-50	2.3333333333333335	2.3333333333333335	2.3333333333333335	52.0	836.6666666666666	264.6666666666667	261.6666666666667	
Math-52	88.33333333333333	36.333333333333336	32.0	322.6666666666667	702.0	378.0	426.3333333333333	
Math-53	6.0	6.0	11.0	5.0	171.0	13.0	2.0	
Math-54	1286.5	1441.0	1498.0	1398.0	1398.5	1559.5	797.0	
Math-55	1.5	1.5	2.5	147.0	156.5	17.5	19.0	
Math-57	3.0	3.0	3.0	3.0	3.0	3.0	3.0	
Math-58	357.0	357.0	498.0	343.0	357.0	363.0	357.0	
Math-64	248.42857142857142	225.14285714285714	237.71428571428572	228.21428571428572	233.92857142857142	296.7857142857143	248.78571428571428	
Math-65	164.0	164.0	164.0	135.33333333333334	578.6666666666666	426.3333333333333	150.16666666666666	
Math-68	252.14285714285714	254.71428571428572	270.14285714285717	251.28571428571428	264.2857142857143	287.7142857142857	251.28571428571428	
Math-69	10.0	10.0	29.0	70.0	10.0	10.0	10.0	
Math-74	1528.0	885.2	894.0	831.8	837.0	1576.8	1513.4	
Math-76	350.2857142857143	357.5	92.71428571428571	359.85714285714283	1350.357142857143	458.07142857142856	349.0	
Math-79	3.0	3.0	67.0	6.0	30.0	3.0	3.0	
Math-83	70.0	70.0	70.33333333333333	70.66666666666667	161.0	220.66666666666666	70.0	
Math-84	61.0	61.0	57.333333333333336	61.0	61.0	61.0	61.0	
Math-85	107.0	107.0	96.0	56.0	333.0	85.0	96.0	
Math-86	511.0	556.3333333333334	571.0	525.6666666666666	560.3333333333334	518.6666666666666	471.0	
Math-87	152.0	152.0	146.75	116.75	195.5	575.75	152.0	
Math-88	56.285714285714285	34.42857142857143	25.428571428571427	56.142857142857146	55.857142857142854	52.42857142857143	55.857142857142854	
Math-89	1.5	1.5	1.5	9.5	30.5	3.0	3.0	
Math-90	3.0	3.0	8.0	3.0	3.0	19.0	3.0	
Math-92	15.428571428571429	14.714285714285714	13.428571428571429	25.0	40.857142857142854	14.857142857142858	14.571428571428571	
Math-93	7.2	7.2	5.8	17.6	42.4	7.8	7.8	
Math-94	15.0	15.0	18.0	1.0	6.0	9.0	6.0	
Math-95	9.0	9.0	119.0	47.0	9.0	9.0	9.0	
Math-96	23.0	26.0	36.0	5.0	13.0	12.0	13.0	
Math-97	22.75	31.75	41.0	30.75	27.25	24.75	27.25	
Math-98	8.5	8.5	27.5	45.5	247.0	8.5	8.5	
Math-99	73.5	59.5	53.5	81.0	107.5	72.0	71.0	
Math-100	144.0	61.666666666666664	29.666666666666668	215.66666666666666	324.6666666666667	188.33333333333334	213.33333333333334	
Math-101	9.0	9.0	27.0	33.0	9.0	9.0	9.0	
Math-103	2.0	4.0	58.0	1.0	2.0	2.0	2.0	
Mockito-2	95.33333333333333	23.0	46.0	125.0	125.33333333333333	54.666666666666664	125.33333333333333	
Mockito-3	526.4	479.8	527.8	628.4	834.6	690.4	676.0	
Mockito-5	1343.0	1312.0	355.0	1417.0	1441.0	1341.0	1343.0	
Mockito-6	1258.0	783.5	560.6	1597.1	1788.55	1258.3	1104.1	
Mockito-9	887.5	825.5	897.0	1426.5	694.0	789.0	1066.5	
Mockito-10	116.66666666666667	120.66666666666667	106.5	259.3333333333333	418.0	211.83333333333334	418.0	
Mockito-11	133.0	403.0	403.0	283.5	418.5	133.0	123.5	
Mockito-12	124.0	93.0	8.5	125.0	125.0	207.0	125.0	
Mockito-13	512.0	515.3333333333334	474.3333333333333	478.3333333333333	560.3333333333334	579.0	560.3333333333334	
Mockito-14	537.8	556.8	622.2	467.2	454.2	412.8	454.2	
Mockito-16	550.0	473.1666666666667	547.6666666666666	447.8333333333333	412.8333333333333	385.0	465.1666666666667	
Mockito-17	210.8	210.8	227.8	250.4	128.2	134.0	128.2	
Mockito-18	9.0	9.0	66.0	9.0	9.0	9.0	9.0	
Mockito-20	793.0	1170.0	1186.5	1121.5	1241.5	885.5	739.0	
Mockito-21	235.6	59.2	56.8	241.6	232.8	236.4	367.6	
Mockito-22	10.0	11.0	16.0	4.0	695.0	269.0	10.0	
Mockito-23	277.55555555555554	178.0	208.11111111111111	690.4444444444445	663.7777777777778	461.8888888888889	663.7777777777778	
Mockito-24	1.0	1.0	1.0	145.0	1.0	1.0	1.0	
Mockito-25	102.0	113.5	140.83333333333334	688.3333333333334	626.8333333333334	428.6666666666667	626.8333333333334	
Mockito-26	139.0	169.0	282.0	29.0	28.0	428.0	28.0	
Mockito-27	900.5	872.5	440.5	903.5	900.5	900.5	900.5	
Mockito-28	244.0	250.0	316.0	213.0	200.0	415.0	200.0	
Mockito-29	1098.0	858.0	858.0	832.0	838.0	1097.0	1562.0	
Mockito-32	641.0	363.5	453.0	578.5	406.5	328.0	406.5	
Mockito-33	61.0	100.0	318.0	53.0	53.0	434.0	53.0	
Mockito-34	442.0	451.0	205.0	233.0	432.0	448.0	432.0	
Mockito-35	856.3333333333334	790.6666666666666	107.33333333333333	895.6666666666666	880.0	853.3333333333334	867.6666666666666	
Mockito-36	579.5	716.5	1112.5	561.5	579.5	579.5	579.5	
Mockito-37	421.5	421.5	453.5	396.5	407.5	531.5	421.5	
Mockito-38	6.0	6.0	20.0	29.0	78.0	74.0	78.0	
Time-1	899.8	376.8	67.8	1517.2	1575.0	1002.8	1282.4	
Time-2	1651.0	1368.3333333333333	93.0	2075.0	1992.6666666666667	1972.3333333333333	1995.3333333333333	
Time-3	1999.4	1811.3	37.7	2385.0	2385.4	2016.2	2023.9	
Time-4	20.0	20.0	35.0	1453.0	1657.0	935.0	1657.0	
Time-5	23.666666666666668	20.166666666666668	64.5	869.0	1049.5	1037.8333333333333	1049.5	
Time-7	94.0	29.0	9.0	2112.0	2090.0	1903.0	2090.0	
Time-8	727.3333333333334	388.6666666666667	334.0	1279.3333333333333	1206.0	1160.3333333333333	1213.0	
Time-9	589.6	326.4	458.4	1208.6	1172.0	1100.2	1173.2	
Time-10	2176.5	2635.5	2632.5	2882.5	2986.5	2340.5	2445.5	
Time-11	403.0	498.0	1036.0	24.0	403.0	629.0	403.0	
Time-12	1649.1666666666667	807.8333333333334	38.833333333333336	2106.8333333333335	2904.5	1659.8333333333333	1665.8333333333333	
Time-14	1936.0	227.0	144.0	2002.0	1979.0	1923.0	1979.0	
Time-15	6.0	6.0	2.0	11.0	13.0	11.0	13.0	
Time-17	1690.0	1459.0	3.0	1968.0	1715.0	1699.0	1699.0	
Time-18	1723.0	1432.5	1432.5	895.5	2728.0	1817.5	1707.0	
Time-19	187.0	187.0	215.0	36.0	1469.0	931.0	174.0	
Time-21	29.428571428571427	28.571428571428573	119.57142857142857	479.7142857142857	975.7142857142857	814.8571428571429	973.0	
Time-22	52.5	36.5	91.5	1114.5	1111.5	1009.5	1111.5	
Time-23	28.22222222222222	29.22222222222222	37.22222222222222	261.22222222222223	647.2222222222222	68.22222222222223	28.22222222222222	
Time-27	322.0	357.6666666666667	796.0	98.33333333333333	691.6666666666666	1176.0	691.6666666666666	
